<?xml version="1.0"?>
<opencv_storage>
<calibration_Time>"Sat Nov  4 00:17:21 2017"</calibration_Time>
<nrOfFrames>25</nrOfFrames>
<image_Width>640</image_Width>
<image_Height>480</image_Height>
<board_Width>9</board_Width>
<board_Height>6</board_Height>
<square_Size>25.</square_Size>
<FixAspectRatio>1.</FixAspectRatio>
<!-- flags:  +fix_aspectRatio +fix_principal_point +zero_tangent_dist -->
<flagValue>14</flagValue>
<Camera_Matrix type_id="opencv-matrix">
  <rows>3</rows>
  <cols>3</cols>
  <dt>d</dt>
  <data>
    5.9493730354605361e+02 0. 3.1950000000000000e+02 0.
    5.9493730354605361e+02 2.3950000000000000e+02 0. 0. 1.</data></Camera_Matrix>
<Distortion_Coefficients type_id="opencv-matrix">
  <rows>5</rows>
  <cols>1</cols>
  <dt>d</dt>
  <data>
    -5.9557131467260938e-02 3.1591914471849597e-01 0. 0.
    -2.4849898716085209e-01</data></Distortion_Coefficients>
<Avg_Reprojection_Error>2.9184872028066655e-01</Avg_Reprojection_Error>
<Per_View_Reprojection_Errors type_id="opencv-matrix">
  <rows>25</rows>
  <cols>1</cols>
  <dt>f</dt>
  <data>
    2.39266753e-01 2.57491708e-01 2.47061104e-01 2.66610920e-01
    2.16531292e-01 2.23899826e-01 3.88324022e-01 3.52174222e-01
    1.75432518e-01 2.77341157e-01 3.28647077e-01 3.92984480e-01
    5.80725551e-01 2.83861816e-01 2.17147604e-01 2.03889608e-01
    2.20012784e-01 2.47601077e-01 2.84480929e-01 2.22080141e-01
    4.17872161e-01 2.87607133e-01 1.84555680e-01 1.91706166e-01
    2.38934070e-01</data></Per_View_Reprojection_Errors>
<!-- a set of 6-tuples (rotation vector + translation vector) for each view -->
<Extrinsic_Parameters type_id="opencv-matrix">
  <rows>25</rows>
  <cols>6</cols>
  <dt>d</dt>
  <data>
    -1.6721613346549902e-01 -3.6255256357642518e-01
    -1.8655022580630687e-01 -1.5368062257646713e+02
    -9.5059692324780528e+01 6.2215055327620644e+02
    -1.6421065492065312e-01 -3.5740437045570522e-01
    -1.8259321161496897e-01 -1.5167957835739054e+02
    -9.5513696698439830e+01 6.2297817154788049e+02
    -1.6892475938686796e-01 -3.5840461141915703e-01
    -1.8220679684372620e-01 -1.4971342916786037e+02
    -9.4177360337842757e+01 6.2262697415243133e+02
    -1.7024452352838038e-01 -3.5873924679423369e-01
    -1.7904756954240122e-01 -1.4636982717147814e+02
    -8.8834352719459119e+01 6.2478449830463819e+02
    -1.9246309378550877e-01 -3.5358042620870284e-01
    -1.7742342712374870e-01 -1.3546317192519194e+02
    -8.2502459851930851e+01 6.2407794299059844e+02
    -2.0854645826919777e-01 -3.4172358165747213e-01
    -1.5662941446382314e-01 -1.0165097050038065e+02
    -7.2949755580079895e+01 6.1499777325915124e+02
    -2.2215750697276807e-01 -3.1744581739406125e-01
    -1.2414260223261263e-01 -6.2913029496847628e+01
    -3.5156962693035439e+01 6.0892087432296296e+02
    -2.0796008635869789e-01 -2.9405329731496960e-01
    -9.3872688896523324e-02 -4.5133780891949002e+01
    -1.6383983636006644e+01 6.0271020404834439e+02
    -2.3861867596163122e-01 -2.7294978616623311e-01
    -7.7791751344709698e-02 -4.6900059912871768e+01
    -1.3010996184121635e+00 6.1126973518262912e+02
    -2.1410381368589834e-01 -2.8622265698229865e-01
    -4.8539036111420422e-02 -4.6369028232575161e+01
    4.1731455369602405e-01 6.0226080699068461e+02
    -2.2908860727194449e-01 -2.9323910775797085e-01
    2.4464574904545771e-03 -4.7506101477407405e+01
    2.2862270672086581e+01 5.9638509234331991e+02
    -2.4213101310954216e-01 -2.9325495939788704e-01
    4.9529979851037569e-02 -4.3916432794871902e+01
    3.6976675836045850e+01 5.9249355820908170e+02
    -2.9292589155179721e-01 -2.8791532712708440e-01
    1.1072445443402103e-01 -3.2778285057769160e+01
    6.8517891523782652e+01 5.8287833764702623e+02
    -3.0476924046195886e-01 -2.1042885836410535e-01
    1.2753589100430679e-01 -4.0783903629407504e+01
    8.0878779911138011e+01 6.0932093560834710e+02
    -6.7609363679572126e-02 -1.9420988976968395e-01
    -4.8676681777634540e-02 -3.0707544791869019e+01
    -9.0517865274611125e+01 6.0432578928338660e+02
    -1.4788132068255736e-03 -1.8715921625925808e-01
    -1.2558796003834888e-01 -3.6812287404219035e+01
    -1.3249829946298649e+02 5.9474483066702703e+02
    1.7381996066453236e-02 -1.8865754909160803e-01
    -1.3232933367830171e-01 -4.2277620220335514e+01
    -1.4442848096261895e+02 5.9441015171073195e+02
    4.6847710296353040e-02 -1.9301778436427500e-01
    -1.5254318686986562e-01 -5.1900645387241852e+01
    -1.6742478153983294e+02 5.9004603638752053e+02
    7.9858620910297717e-02 -1.9359943684805087e-01
    -1.6679927971113798e-01 -6.0218263752194510e+01
    -1.8764046606340659e+02 5.8527022074448212e+02
    3.3507231713035185e-02 -5.5434038424268506e-01
    2.9488216981934184e-02 -2.0420297973714631e+02
    -1.8587256839232916e+02 5.6630387080552305e+02
    -2.7594238884788191e-02 -6.1598121654221905e-01
    1.1984925211446947e-01 -2.5006377783685855e+02
    -1.0801149579410912e+02 5.8977475778302698e+02
    -2.3413251442941227e-01 -6.8550145969307330e-01
    1.4837198080093741e-01 -2.7927435257005965e+02
    -2.3037639008483648e+01 5.9557183322619187e+02
    -2.7463316655649889e-01 -6.0065897868250173e-01
    1.2532571561746142e-01 -2.4363528915762325e+02
    -1.3311772088408434e+01 6.1937969355354437e+02
    -2.3950281976771468e-01 -5.2765839396419190e-01
    1.0275683463854456e-01 -1.9991474660438266e+02
    -2.2698847084716924e+01 6.3263498664295525e+02
    -2.6012864335916175e-01 -5.1594121633459089e-01
    9.6740973416951273e-02 -1.8073539249390157e+02
    -1.6388597260643561e+01 6.3125653465507344e+02</data></Extrinsic_Parameters>
